$ANSIBLE_VAULT;1.1;AES256
39303732663938336663613537373236326662363535633664366432316665393364653634303432
3838333761313638333964663534326631396365346236360a366337636162613130386262303334
33386630643538336631356362303162343262343736313739383934313461626333333662383364
3465333334366565310a633736346662613630363465303132656436313930626166623836343039
34326232313932313633633463356661623137363835303030666432656362313964343766643439
32656336626562643434366633373666666639646235626133313931383934363935613165396238
63613230646334646265313465633666313030353738356263383562633363396138373336626366
31303234393738343062663437333435623363623433323234356136323537376337343536383230
64363737626663386661386466656136396361633533313931343630326235303366636330306436
65633437666439626163666534376561653462313932666665306665613664613061383965633831
66633438636162393039333466343438633461396533353632633331623635316165636661646361
32383664666434333434666130633135376636653863396465643638393461653334356534353736
39633238326464326639316365393237646164383031336639343238326266616531323037646661
62633965306237333065656633656431303665376234383463666535663535613265646338663166
37656539326337333337313038623434626430613039663633363634313336396433353864356361
31633065356332386161346532306235386238656536343233336663643765643765316465646338
64336238373164626131333030626230646330643531613035343537323366323639373637333531
65393062623861343537636636306236396661396538356437646263346232653262373831363763
31323666303264353962613134656139383339343537313938653264666164656135643666613138
32333464386132626238386663373430356134373166373932393133353862316230336134623038
33316135313766373231636439353766356266333366623039656635306530323361363239326138
66616137363233636237666230326633643566373566613535356539653231633131633234643231
38373661323262366131313733653931623334633135353132643935383435663531653633633361
64626632623135633063623130643432633563646461613739396537356662656261323464666664
31646162613434313133366538353235303331316465396333653564333139306533616662333161
34666565393038313034353764636133303533656266643566313465343338373438656337303461
64366365323439653431343538636366336137313161393438313434626161633663353833616662
30356236303231633633363964376131396364313262343361313066663931376332313331646136
34656662656237663335626133643132343736646664363034333433626566346436336637623465
65363335616132313261353630313933313934613266393261633738373332356239386565313137
38666339663736383964653234623435653836306335633964336165626130383863383136376164
61613639633139333365393666383261376435663030373132343237346332313733336564373331
33666237306338343439653563306339353431653231316138303862343664633733343536636463
35333238373832346134633162616631393933336565313866313438363734626434313739366262
66633837646666363236323031373665613662393730303161646232636235646665323938346635
35396232383331303439316536626265373939663139393031343165343662626234623338313239
37333939656437373961373237356133366363616332646336376464383164346632663734623964
65333664393934656537376662353064343933663532653632613333663063613032386536613239
32366664646261656161653364636262613630653536303863383163343561343063646363633238
37346533366635386437626431336365333464333830626133393130303833343035306335646339
34623331366432363664393836646337373235613732643066373066333136343736313230353063
36306232663339313866303534666466346464373664663765633161613238643665613565356436
34383066633734336332363732393835636531333533343437383064633066376237303135666264
38326631643363616663396139363861633262383530333161343539316661636361623430313764
34323665313864333138396137386230306438313932376539313762366634663739396263346465
61663233393537336633623631646164336466626431613464643661363332373935643866656633
65383364376234316562383533633335366461396535306232396161396536303061653939356164
65373334323333323334376533623362383463376262333865653964633635376264386261633339
39646361623930663465616432393366333161663139666562393839616230326534613964626337
66656438373562363136646661386439333731366131393137393232316434623862383738326463
37663162633963336333373035373061626339303765643531363763323065366265646561363334
36333131386531343831626562646666373331376165373138396665376364333731333138336337
39316637633337376639346362333465616336323461376535613734613239313839393432333063
38623538663662343332306238363966323239633035373966643964663937393639383833353538
62343231633535363662313763333531346162303838383836666131333363653962323531353161
34373130623161363465363539353930613436616665323434343837643135643963656561323461
32636537336263323738643131333239613262353666373634396334323235663536386264336434
61613832373239333161303963613338613039376430623037643765306366383339363765356531
65616161393734303731353731306637666338343661643961666462353961643766326165393964
64643338623035386264633262306330373030336233383034623435343765356438633066313933
61623962353764646163376562343333393936376230383733343836343263633230653235313935
32393239623631653665616136363262386633316666663363373761343531393166363433383237
31346338393166363565336363306437633365336632353438343332393362633162323634666433
33373632623835646531636361383861393237393566383262653832393761303134636532623161
34386461666137613633323764663031323730346261303539383530643362313438316535323632
66336136343233323030356231326530353432666561303435336539643861386135303063393739
62646365343665656131396132656132653131386234663434383431383336646239623861666562
64366664623764326462636164343365393462326132343331393834656565363631613533653035
38313032616339633334353736353431623831653365353037646431353930613634373435656537
34643830323335613165396661373363393134663766326262613164316638626331663131303838
39306265643030653766656537346461633132306332366534636266323865353464346630633065
63633930626638316335306434353735383763376233613861306635643632623632393265643762
62353662386235616364396461303866343331613561363664656563653235666263303531373366
34333161663364643564313230363830303739373735326339623532623133333963353962623437
64616233363131333665376636663861623438326437333231363862336334346238336138316638
37353966353432383937356465353536393965373633356236633835343463643235666431313165
35316533363362383832306235356533393338646663613137393731353531333839663964623566
62376134333363666433383461313236316462616332633037303761313536363831303838386437
63303862376534626665313130353733333730353664313330616338373361656662643761643837
66353135313034613565616437343639376538383830653033343834323662643431303363393935
63363539393364366263333362636131376532353566373632643162616139396564356339643237
64663566646435323739636662396266643861656533366138653139336639366333303639376566
39376165623631663465353837356339346464653839646533373062326138306234396338306665
36333934633930666539393965313962613435313561386638336364613562343437333266383738
30316239336563393630346461393337633234303933313166353930373565643139653139336232
31373030386639343834646235663038316634323730623932636266303962343166656332393430
62613034303231393131363838363261343061663064613932353430366263323233363239356661
34323632376438376636
